{
    "sma": 6881.184290936791,
    "ecc": 0.0001,
    "incl":1.700025740600313,
    "raan":0.693176,
    "argP":4.69959397163832,
    "MA":1.5688590113251828,
    "epoch":"2026-03-29T0:00:00"
}